107
Aiptasia_pallida_CA5                     0.0000000 1.4676063 1.2842703 1.3033096 1.6343007 1.6465314 1.2169616 1.3814974 1.8499831 1.8832411 1.8594837 1.8414869 2.0146213 1.9426202 1.8497918 1.3388166 1.3875291 1.5337035 1.7206720 1.4317000 1.6799889 1.4007915 2.0657088 2.3057812 2.5435996 2.2631016 2.2729048 2.2361464 2.2032299 1.8629940 2.0708709 1.9070788 1.9529922 2.2928567 2.2384434 2.0102016 2.2050739 2.2415644 1.8419928 1.8884173 2.1158269 2.0729759 1.7734861 1.5702644 1.7321752 1.8794870 2.0483759 2.4818407 2.5318546 2.0808714 2.1735889 2.3742024 2.0286143 2.0088914 1.8653820 2.3731185 2.4028433 2.4087180 2.6328646 1.9721974 1.9079236 1.9599652 2.1185902 1.9767687 1.9349780 2.5247498 2.3984203 2.5937913 2.9423229 2.5076680 2.6811361 3.1479543 2.4287322 2.5230157 3.6559671 2.1692212 2.3716517 3.1598331 3.6969156 3.4514152 3.1657594 2.4767239 1.7900477 1.9202772 2.2140810 3.3683661 2.6199752 2.7590741 2.7139461 3.0998331 2.6519886 3.0438973 2.6678537 2.8825981 3.1623335 2.6887464 2.2573856 2.5954841 2.7278536 2.7801113 2.3334636 2.4730949 1.8989366 2.0256609 1.9524047 0.5364357 1.9425958 
Homo_sapien_CAVIII                       1.4676063 0.0000000 1.7597465 1.8640151 2.1391934 2.2519617 1.6958322 1.9842064 1.9777780 2.0072409 1.8239298 1.9501550 1.9737917 2.0588344 1.9193563 1.6344561 1.7296423 1.7203243 1.8564251 1.8240346 1.9708798 1.9063632 2.6091339 2.8525501 2.7689428 2.6248307 2.6934372 3.0726261 2.9504577 2.2957823 2.5890552 2.5527302 2.3949123 2.9039987 2.5195617 2.4777666 2.6772732 2.5305108 2.5425593 2.5690655 2.7266990 2.7707180 2.0834775 2.2736741 2.0698502 2.2915441 2.3798961 2.6934725 2.6609082 2.5192742 2.4757953 2.6933115 2.5613301 2.1392506 2.0771472 3.2290414 3.5008977 3.1638157 3.3200385 2.4454672 2.4335570 2.6662863 2.5809174 2.6397037 2.2377528 3.3362998 3.1888828 3.0784773 3.8630986 2.9193232 2.6359380 3.3227679 2.9710762 3.4068061 3.6654173 3.1152803 3.0596422 3.2174263 5.0408177 4.0518768 3.5557708 3.4788379 2.0979570 2.1105043 2.3615460 3.9086462 3.3073247 3.4665939 3.2504501 4.1888638 3.5465912 3.7488834 3.6167726 3.1926030 3.4136604 3.0661633 2.4617230 2.5277149 2.9616822 2.7419273 2.7819435 2.2925737 2.3603057 3.0324695 2.1277287 1.5804458 1.9985817 
Sycon_ciliatum_CA1                       1.2842703 1.7597465 0.0000000 0.2672676 1.5296726 1.6887413 1.3606224 1.4254987 2.0511400 2.0294729 2.0530751 2.0816481 2.1748078 2.1882152 2.1140781 1.3089843 1.4277357 1.4703874 1.6199582 1.3914418 1.6499481 1.6421489 2.2502451 2.7095061 2.6932217 2.6382769 2.6222824 2.5710080 2.3514925 1.6120532 1.8727744 1.7973784 1.7700517 2.1317625 2.0723026 1.9490816 1.8067091 2.0390596 1.7448010 1.8895117 1.9558869 2.0251959 1.5120572 1.7980879 1.6584412 1.9199823 1.9534367 2.1904035 2.5019511 2.0174281 1.8107524 2.3220731 1.8367957 1.7620983 1.5629158 2.4528962 2.3085587 2.5708812 2.4091371 1.5428227 1.9472374 1.8258242 1.9266917 1.8008480 1.8252874 2.4449365 2.2462980 2.4070723 3.0972800 2.0407507 2.6408652 2.8982429 2.7809647 2.4716938 3.2842137 2.1863850 2.3885599 2.3942977 3.5653211 3.1804782 2.8052665 2.5962528 2.0314227 1.8479797 1.9142016 3.2979735 2.9555261 2.6281177 3.0430209 3.2781041 3.0267820 3.0351560 2.9440635 3.1004530 3.0047109 2.6478443 2.2444239 2.7017955 2.9319466 2.3497758 2.0531198 1.9778932 1.9663181 1.9208267 1.8169125 1.2564387 1.7266021 
Leucosolenia_complicata_CA1              1.3033096 1.8640151 0.2672676 0.0000000 1.6290823 1.7870594 1.3841833 1.5273860 2.0755922 2.1360500 2.0831713 2.0757759 2.1299956 2.1836652 2.0500065 1.3502847 1.4899495 1.5599797 1.7125321 1.4660760 1.7906175 1.7343907 2.4734682 3.0251502 3.0241856 2.9107003 2.8338669 2.9255279 2.6474501 1.7162883 2.0942799 1.8735646 1.8362092 2.1434595 2.0593880 1.9412448 1.9809702 2.1142002 1.9119790 1.9390502 2.0624905 2.1701480 1.6902413 1.8149282 1.7816250 2.0074596 2.2051395 2.3219363 2.9307134 2.1305705 1.9470100 2.4380793 1.8166673 1.8449679 1.6973036 2.5015856 2.6178231 2.7048733 2.7273700 1.6848639 1.8792553 1.9409403 1.9803302 1.9058369 1.8712270 2.3909544 2.2645133 2.4909070 3.0338569 2.1558252 2.7973614 3.1083066 2.8513859 2.7297976 3.3934413 2.2943692 2.6145894 2.7077487 3.6683598 3.1338696 2.8167201 2.5003807 2.0908349 1.8396108 2.0969305 3.4643638 3.2390602 2.8680138 3.0763128 3.4637618 3.0316436 3.1863897 2.8671467 3.4229645 3.3076961 2.8504934 2.4254444 2.9868758 3.0432392 2.5070727 2.0471735 2.0487107 1.9950761 1.9855775 1.9293163 1.2596480 1.8553035 
Corallium_rubrum_CA3                     1.6343007 2.1391934 1.5296726 1.6290823 0.0000000 1.5898023 1.3970223 1.3556114 1.9702462 1.9158824 1.9336834 2.0555831 2.2088787 2.0864665 2.1868206 1.4824436 1.4448124 1.6098329 1.7862038 1.7059928 1.7110382 1.7513913 2.0971217 2.2995424 2.2190863 2.5988988 2.5839578 2.3197759 2.2982496 2.4700951 2.7531823 2.2360958 2.0069516 2.4056936 2.1848121 2.0800491 2.2313579 2.3217452 2.2778819 2.3202549 2.2693678 2.6883097 2.5008877 2.3026416 2.0117480 2.3873948 2.2109160 2.2664308 2.5846713 2.5466441 2.5856196 2.7893180 2.8014306 2.2709838 2.1189290 2.5939858 2.7382523 2.6656918 2.8353444 1.9179350 2.1058806 2.0557405 2.1871146 2.1891399 2.0444092 2.9773604 2.5793815 2.5892864 2.7032508 2.5556804 3.1371738 3.6725452 3.3029218 2.5768788 3.4441141 2.3574827 2.8274020 3.8255054 4.2084830 4.1392354 3.5117219 2.8053266 2.2716937 2.2002888 2.2041163 3.4640286 3.3929575 2.8890730 3.0173351 3.6769296 3.2450063 3.2872173 3.1384128 3.1562545 3.5580527 3.2720066 2.6762644 2.8354589 3.4392050 2.8649678 2.6361051 2.6030175 2.2332999 2.2104586 2.7048523 1.4769785 2.1375223 
Nemostella_vectensis_CA2                 1.6465314 2.2519617 1.6887413 1.7870594 1.5898023 0.0000000 1.2602710 1.2152380 1.8807698 2.0948058 2.0812532 1.6727058 1.9603913 2.0914169 1.8568136 1.6344355 1.5111555 1.4756203 2.2542243 1.5431401 1.7792233 1.9269643 1.8071248 2.2026379 2.2542143 2.0760429 2.0502620 2.0832847 2.1791991 2.0186128 2.2377967 2.0951762 2.1556015 2.3512860 2.1970334 2.0110628 2.1097299 2.2103398 2.1278535 2.1539540 2.2734246 2.4188989 2.0238318 2.1654263 2.0003829 1.8572045 2.2324440 2.3794288 2.7095782 2.3400092 1.9275071 2.6267256 1.9449562 2.0591890 2.0749902 2.5161329 2.5544492 2.4654072 2.4211661 1.9697077 2.2426313 2.1937268 2.2537859 2.1473172 2.2632503 2.7642072 2.4694063 2.3264832 2.2704116 2.5141961 3.1652054 3.3314107 2.4830729 2.7105661 3.1938634 2.5768087 2.5447902 2.7102763 3.9584848 4.4966582 2.8004122 2.5336437 1.8775723 1.9817488 2.2251837 2.9748729 3.0709629 2.5736462 3.2047105 3.1649985 2.6558662 3.1597935 2.6706148 3.0740280 3.0295517 2.8478619 2.4012564 2.6908351 2.8412449 2.5437927 2.6937451 2.4329867 2.3015880 2.0901748 2.4833973 1.5656033 2.0368045 
Stylophora_pistillata_CA3                1.2169616 1.6958322 1.3606224 1.3841833 1.3970223 1.2602710 0.0000000 0.4912784 1.9908226 2.0413798 1.8849708 1.9616142 2.0166660 2.0990823 1.8679109 1.4352305 1.3055206 1.4894582 1.6371109 1.4099815 1.6182106 1.7034678 2.3915261 2.5304231 2.5758568 2.4687053 2.4032817 2.4067302 2.3686280 2.0847990 2.5371710 2.0199239 1.9922175 2.1771628 1.9632070 1.8572176 1.9803731 2.0443056 2.0207943 1.9867122 2.2288489 2.2712524 1.5571526 1.9034150 1.7900508 2.1922696 2.2764678 2.2617336 2.6065401 2.3626881 2.1788910 2.5174097 2.1729332 1.9264102 1.9799057 2.7492644 2.6799472 2.7806193 2.9914483 1.8527168 2.1478040 2.1997163 2.4230231 1.9631576 2.0894877 2.6245988 2.3214221 2.4236348 2.7291241 2.6469348 2.8605896 3.4845194 2.9008591 2.8614199 3.4892935 2.9901419 2.5572297 2.8769784 3.7946912 3.7558649 2.7467025 2.5187567 1.9339018 2.1859917 2.2483923 3.1493497 2.8116104 2.5248091 3.0546259 3.0272230 2.7991798 2.5445953 2.3517442 2.8540993 3.2984784 2.5926995 2.7324678 2.8154104 2.7676538 2.7998265 1.9648302 2.2270242 1.9337813 2.4172704 2.2687247 1.3183558 2.0181040 
Acropora_millepora_CA8                   1.3814974 1.9842064 1.4254987 1.5273860 1.3556114 1.2152380 0.4912784 0.0000000 1.8413026 2.0707910 1.8718775 1.9993460 2.0905821 2.2245436 2.0747329 1.5623653 1.2602331 1.5146364 1.5448232 1.4780500 1.7517136 1.8832695 2.1929809 2.5306243 2.5387695 2.4770850 2.4119685 2.3885862 2.3460217 2.2937226 2.5504733 2.0937937 2.0130107 2.3571393 2.1720192 1.9825742 2.1627173 2.1545897 2.1822816 2.1517536 2.3447364 2.2473985 1.7538286 2.0803619 1.9533073 2.3860326 2.2073293 2.5831065 2.5424919 2.6577396 2.0948042 2.4876229 2.4761181 1.9685066 1.9353516 2.5296894 2.5049292 2.5953066 2.9189417 1.8925489 2.2877516 1.9475715 2.3695925 2.0943625 2.1140847 2.5279931 2.2673937 2.4632556 2.7470696 2.6867770 2.9507205 3.4303741 3.2418768 2.8558301 3.7587725 2.8343727 2.6061874 2.9103731 4.4393762 3.9998237 2.8993650 2.7126300 1.9973116 2.2061061 2.3771730 3.4548821 3.1464688 2.9012293 3.4642419 3.6334429 2.8810589 3.2451205 2.6713014 2.8011025 2.8418437 2.6376460 2.5518531 2.6175934 3.2615516 3.1441260 2.4161774 2.6807838 1.9587412 2.3533010 2.3072006 1.2925319 2.0809533 
Aiptasia_pallida_CA6                     1.8499831 1.9777780 2.0511400 2.0755922 1.9702462 1.8807698 1.9908226 1.8413026 0.0000000 0.6331493 0.9010289 0.9678724 1.0793746 1.0638484 1.0823220 1.6834560 1.8991626 2.0351030 2.3438010 1.8634988 2.0142163 2.0617247 2.6520399 3.0327250 2.9725940 2.8211131 2.7941814 2.9490404 2.7019119 2.5157325 2.6220209 2.5747941 2.5040876 2.8596328 2.6432737 2.5089591 2.5553413 2.7139764 2.5731503 2.8282965 2.9037879 2.9463897 2.1771643 2.4482617 2.4428620 2.9337388 2.8594006 3.4759450 3.0452478 2.8271283 2.3009363 3.0835206 2.6031920 2.3869874 2.4337110 3.4785930 2.8890967 2.9398854 3.2933093 2.8332010 2.9857038 2.8672214 3.1070043 2.3694485 2.6790651 3.7382614 3.3656824 3.1256157 3.6165094 2.6195218 3.0331448 3.1955333 2.8052422 2.6212185 2.9426187 2.9267175 3.3464968 3.5612730 5.6860535 4.2896634 2.7180999 2.6284302 2.3781740 2.5182197 2.8312029 3.9400330 3.6241374 3.7506038 3.5797347 3.2790586 3.2589822 3.9066569 3.6146230 3.7116289 3.2886645 2.8711222 2.5451605 2.8460082 2.9881588 2.7620267 2.8223630 3.0366441 2.6834139 2.8145863 2.3572830 1.7260977 2.6019084 
Anthopleura_elegantissima_CARP2          1.8832411 2.0072409 2.0294729 2.1360500 1.9158824 2.0948058 2.0413798 2.0707910 0.6331493 0.0000000 0.7251898 0.9946599 1.1027579 1.0487554 1.0337342 1.9111527 1.9955628 2.0100776 2.3297314 1.9612884 2.2407813 2.2226069 2.5951591 2.9480868 3.0566992 2.6787778 2.7087965 2.8384104 2.6428615 2.6304312 2.5994253 2.6287172 2.6088016 2.8535785 2.7040420 2.2890752 2.5194880 2.5436916 2.4394084 2.8326072 2.7308134 2.5339012 2.4212404 2.3466770 2.5404138 2.4586571 2.8335537 2.7450095 2.9145106 2.5834977 2.4114416 3.1873133 2.5967603 2.4932756 2.2906199 3.1258881 2.9094625 2.9057668 3.0631711 2.6646144 2.5720597 3.2389759 2.8665061 2.4032715 2.4315014 3.1177838 2.8937123 2.8262917 3.4604452 2.6340772 2.8321637 3.0111591 2.6828249 2.4432502 2.8577413 2.7020125 3.2336449 3.3904277 4.6274865 4.4966883 2.8614951 2.9156581 2.2726077 2.2413428 2.5979220 3.4119834 3.6791395 3.6709620 3.8907423 3.3694969 3.1938949 3.4615303 3.7145918 3.6606494 3.3350000 2.9284165 2.6558260 2.7315361 3.0294816 2.7911455 2.7321901 2.9244949 3.0108445 2.6050283 2.3673797 2.0451895 2.3889634 
Nemostella_vectensis_CA5                 1.8594837 1.8239298 2.0530751 2.0831713 1.9336834 2.0812532 1.8849708 1.8718775 0.9010289 0.7251898 0.0000000 0.9396425 1.0388561 1.1071737 0.9679161 1.7946312 1.8768294 1.9089906 2.0031503 1.9422121 1.9932601 2.1940159 2.5745469 2.5352371 2.9153776 2.6343834 2.6286123 2.5925848 2.4658577 2.7029446 2.9560210 2.4729134 2.6187770 2.6242658 2.6577588 2.1973533 2.5896787 2.7281731 2.7982039 2.8146778 2.9366775 2.7589685 2.3339702 2.4082709 2.4514589 2.9346320 2.7423481 3.0061971 2.6565723 2.8186723 2.5140698 3.0597093 2.9119821 2.1930573 2.3189450 3.0763839 3.2711720 3.4054187 3.2500494 2.5950015 2.7613036 3.1915458 3.1383143 2.4507517 2.6863765 3.4258992 3.1532831 2.4464221 3.1758629 2.8644014 2.7900375 3.2963150 2.8363182 2.6169455 2.9160084 2.9204517 3.4265889 3.5591055 4.8267273 4.3455494 2.7787325 2.7899485 2.2968728 2.4557784 2.6574349 3.8290636 3.6964267 3.5867746 3.8867809 3.5638857 3.2147905 3.3427087 3.4316637 3.6118469 3.4344231 2.8860154 2.6494409 2.7635328 2.9575772 2.8205338 3.3750231 2.9421134 2.5832647 2.8011704 2.5116034 2.0075597 2.4794280 
Favia_sp_CARP                            1.8414869 1.9501550 2.0816481 2.0757759 2.0555831 1.6727058 1.9616142 1.9993460 0.9678724 0.9946599 0.9396425 0.0000000 0.2947942 0.4668687 0.3387573 1.8580781 1.9367280 1.9564820 2.3420497 2.1015960 2.0431864 2.2065871 2.5960140 2.5105156 2.6601655 2.5280533 2.4806214 2.8780686 2.5951047 2.5551448 2.4265333 2.6107658 2.6728033 2.8554515 2.8470296 2.6470740 2.6302618 2.8213006 2.6159567 2.7215028 2.9524436 2.9817563 2.4978241 2.2779044 2.3231353 2.7608768 2.9376022 3.0849669 2.9138755 3.0987159 2.4662992 2.7452802 2.2862031 2.2636744 2.2481294 3.0632310 2.8413502 2.9486838 2.9722066 2.3254766 2.4352111 2.8451161 2.8599588 2.4048432 2.1941700 3.0223928 2.8391945 2.6804828 3.1361194 2.8204353 2.6907319 3.3607591 2.7684218 2.7464419 3.2212600 2.7984278 3.0588097 4.0511153 4.3801274 4.6048954 3.1511741 3.0530003 2.3407450 2.3859860 2.6842837 3.2268385 3.4659366 3.3026186 3.0927908 2.9642281 2.7898553 3.2063684 3.0149639 3.6678939 3.1962646 3.2558093 2.3593346 2.6288642 2.9069703 2.7325355 3.2094552 2.8628444 2.9754019 2.8225739 2.3926954 1.8294635 2.6059328 
Stylophora_pistillata_CA11               2.0146213 1.9737917 2.1748078 2.1299956 2.2088787 1.9603913 2.0166660 2.0905821 1.0793746 1.1027579 1.0388561 0.2947942 0.0000000 0.4637639 0.4035438 1.9129633 2.0460322 1.9566191 2.5145720 2.2033016 2.2056607 2.4544928 2.6761219 2.6878427 2.8022796 2.5368711 2.5354852 2.9351487 2.7109691 2.7679229 2.5810966 2.6523247 2.9287673 3.1353855 3.0686382 2.8304263 2.8653385 3.0413662 2.7261104 2.9294671 2.9512769 2.8568152 2.5932158 2.6385234 2.4753951 2.8067779 3.1517051 3.2458073 3.1200779 3.0280205 2.6817711 3.1010186 2.3810085 2.4956341 2.4033378 3.2209648 2.9911702 3.0030681 3.0703069 2.5694828 2.9215263 3.2190618 3.3958737 2.3437617 2.6423109 3.4238983 3.1401700 2.9750586 3.8064676 3.1827654 2.7954375 3.0880095 2.7904714 2.7922770 3.4001236 2.8944940 3.2177105 4.4407546 4.9019952 4.9162442 3.2022424 3.0753897 2.4251116 2.8476981 3.0400325 3.4257594 3.5151810 3.7713495 3.3376666 3.0887044 2.9840070 3.1077214 3.1025396 3.7698523 3.6461457 3.1429216 2.6428640 2.6870268 3.1362455 2.8372799 3.3336573 2.9635164 3.3815573 3.3236922 2.5754117 2.0707821 2.4863439 
Acropora_millepora_CA1                   1.9426202 2.0588344 2.1882152 2.1836652 2.0864665 2.0914169 2.0990823 2.2245436 1.0638484 1.0487554 1.1071737 0.4668687 0.4637639 0.0000000 0.4325627 1.9071466 2.1376465 2.0767689 2.5926558 2.2733046 2.1045037 2.3974559 2.5579632 2.8078146 2.8679661 2.5811144 2.5421190 2.7984264 2.6574915 2.5668674 2.3701119 2.3947048 2.4282317 3.3776606 3.0835148 2.8304891 2.9624177 3.0284061 3.0398676 3.1168957 3.1778974 2.6780380 2.5881611 2.4787386 2.4320491 2.7189885 2.8904039 3.2804610 2.9220860 3.0312683 2.7766744 2.6490446 2.3096780 2.4932995 2.3571473 3.4012597 2.8712708 3.3658570 3.2283585 2.6675006 2.8439825 3.4432497 3.4765829 2.6019260 2.6908180 3.2635851 2.8867968 2.7020894 3.6030274 2.9792256 2.8203920 3.3068597 2.6487316 2.6460951 3.2889292 3.0757192 3.2309336 4.5753664 4.7826196 5.1093163 2.9606167 2.8802510 2.6506416 2.7656446 2.8081933 3.1249150 3.6401361 3.6923336 3.1976727 3.3350991 3.0527232 3.4788748 3.0940441 3.5893380 3.6176654 3.1729204 2.4894262 2.8552506 3.1003427 2.7476454 3.0708514 2.7996534 3.5520538 2.7247043 2.2608975 2.0533930 2.4686206 
Porites_australiensis_CARP1              1.8497918 1.9193563 2.1140781 2.0500065 2.1868206 1.8568136 1.8679109 2.0747329 1.0823220 1.0337342 0.9679161 0.3387573 0.4035438 0.4325627 0.0000000 1.7705741 2.0493749 1.8582269 2.3066644 2.1563323 2.2032352 2.5424515 2.6333095 2.8953163 2.9288082 2.5634126 2.5234841 3.0413055 2.8283796 2.6026796 2.4226553 2.5484478 2.8260931 3.3132690 2.9205815 2.6180116 2.8173754 2.9453016 2.8352401 3.0294407 2.9356254 2.7788259 2.5951911 2.2371995 2.4014226 2.7328869 3.3815679 3.0390938 2.8515233 3.0066081 2.3954824 2.8962425 2.2722499 2.4049550 2.4564889 3.2445479 2.8320360 2.9299431 3.1070499 2.5713985 2.7106792 3.0967956 3.0223446 2.5099274 2.4998412 3.2457460 2.9922748 2.8109820 3.3264383 2.9307943 2.6718230 3.4273030 3.0163469 2.7728587 3.5683666 3.0213312 3.1533106 3.9242019 4.4139093 4.9276043 3.0189791 2.9172690 2.5145484 2.5562592 2.9610889 3.1172718 3.4824030 3.4177887 3.2397660 2.9757880 2.7173862 3.0499711 2.9276076 3.7501394 3.6443743 3.3131548 2.5837445 2.9591080 3.0505405 2.7900302 2.6700916 2.6810828 3.0886588 2.7508900 2.3561434 1.9247281 2.4738562 
Homo_sapien_CAVII                        1.3388166 1.6344561 1.3089843 1.3502847 1.4824436 1.6344355 1.4352305 1.5623653 1.6834560 1.9111527 1.7946312 1.8580781 1.9129633 1.9071466 1.7705741 0.0000000 0.9486648 1.0455295 1.1543621 0.9937511 1.1242354 1.0425548 1.9524581 2.2185421 2.1887044 2.0166865 1.9784672 2.1047211 1.9853662 1.9108139 2.2097122 2.1271333 1.9398322 2.1454716 2.1119661 1.8644766 1.9934903 2.0248912 1.9556230 2.1032855 2.1414841 2.1289905 1.8423763 1.9208626 1.8408208 1.8726357 2.1229652 2.1312854 2.3560414 1.9505699 1.8489017 2.1420057 1.9840445 1.8124852 1.7476011 2.4749861 2.5785147 2.8139430 2.9477549 1.9565596 1.9104808 2.0276499 2.0861816 2.0347774 1.8635207 2.7613144 2.6111454 2.4154536 2.7391800 2.4154986 2.9594909 3.2614219 3.2803496 2.8067214 2.8128500 2.4381340 2.2233125 2.8843643 3.5188031 2.9994819 2.4442939 2.4405874 1.9136291 1.8202292 2.2584210 3.2901245 3.2552569 2.6443470 3.3395851 2.8469439 2.7454603 2.8609195 2.5785189 2.7742258 2.5444274 2.4024754 2.3051386 2.7506114 2.5868314 2.4962413 2.2196270 2.0025691 2.0730605 1.9954574 2.0280148 1.2954883 1.9662257 
Homo_sapien_CAII                         1.3875291 1.7296423 1.4277357 1.4899495 1.4448124 1.5111555 1.3055206 1.2602331 1.8991626 1.9955628 1.8768294 1.9367280 2.0460322 2.1376465 2.0493749 0.9486648 0.0000000 0.8208147 0.9315571 0.7902581 1.1334103 1.0128874 2.1302266 2.1872803 2.5514228 1.9457109 1.9353801 2.1909958 2.1144096 1.7668806 2.0003353 1.8542372 1.7863832 2.1376246 2.1656290 1.8783186 2.1497170 2.1757622 1.8245954 1.9448776 1.8939635 1.9311090 1.7915841 1.8648444 1.7548680 1.9482115 2.1214617 2.2400898 2.3344065 2.0373127 2.0979399 2.5843816 1.9913652 2.0409021 1.7861774 2.6048615 2.7166851 2.9156690 2.6033760 1.7652956 1.8639210 1.8223370 1.9768804 1.8649270 2.1517053 2.3651355 2.1917886 2.2237781 3.0335074 2.5320878 2.7631469 2.9426371 2.5383757 3.0020146 3.3832886 2.5687315 2.2629151 2.8390094 3.3129639 3.0514190 2.7013815 2.6793857 1.6305706 1.9577303 2.0354677 3.2872483 2.6757318 2.5588114 2.6860902 3.2542975 2.7305608 3.0845544 2.8887110 2.7621475 2.7746961 2.7178571 2.5571103 2.6693581 2.6601486 2.6213764 2.5401531 2.4208024 2.0896980 2.2229661 2.0081564 1.2587180 1.8347849 
Homo_sapien_CAI                          1.5337035 1.7203243 1.4703874 1.5599797 1.6098329 1.4756203 1.4894582 1.5146364 2.0351030 2.0100776 1.9089906 1.9564820 1.9566191 2.0767689 1.8582269 1.0455295 0.8208147 0.0000000 0.9154666 0.6933135 1.2067622 1.1667607 2.1435153 2.2590107 2.4916145 2.0191332 1.9802482 2.0583373 2.0144033 1.9146092 2.1426792 1.8405331 1.9245161 2.1149600 2.0716821 1.9998163 2.1764190 2.1525988 1.9824588 2.0433259 2.3299951 2.2922213 1.8560575 1.9496479 1.8121326 2.0548724 2.1995799 2.4343987 2.7736223 2.2022896 2.2117009 3.0507600 1.9899978 2.0122473 1.9351541 3.0211823 2.8807994 2.7581072 2.6943689 1.9137169 2.1079257 2.1728538 1.9740095 1.9054654 2.1509582 2.3867739 2.1336697 2.3386500 3.0491431 2.6904318 2.6127051 3.3519340 3.1756805 3.2593932 3.1609235 2.4852814 2.3804361 2.5616564 3.5203046 3.3467476 2.5865229 2.6893099 1.8794645 2.1628113 2.2192202 2.9656341 2.7797940 2.5300930 2.8496131 2.6190244 2.5799382 2.4263853 2.3989581 2.6082874 2.9789495 2.7871630 2.4887870 3.0471550 2.6454748 2.6042179 2.1961270 2.1637327 1.7797200 2.1483106 2.1163844 1.4213062 1.7603733 
Homo_sapien_CAIII                        1.7206720 1.8564251 1.6199582 1.7125321 1.7862038 2.2542243 1.6371109 1.5448232 2.3438010 2.3297314 2.0031503 2.3420497 2.5145720 2.5926558 2.3066644 1.1543621 0.9315571 0.9154666 0.0000000 0.8509654 1.4268043 1.4027797 2.2548019 2.4502708 2.4790163 2.2396194 2.2407778 2.4491531 2.3251044 2.0428709 2.2152309 2.2585046 2.2178255 2.3681478 2.1202455 1.8505378 2.0480611 2.0073735 2.2315964 2.1219443 2.2756743 2.6849337 1.9073015 2.0272169 2.1825498 2.1968002 2.3169998 2.5271933 2.6043588 2.1740880 2.5914880 3.0369392 2.3878316 2.0679422 2.0517036 2.9915339 3.1379723 3.3427518 3.1705600 2.2180173 1.9992889 2.3844502 2.2243171 2.2786827 2.2320632 2.6388248 2.4548729 2.6465226 3.3248671 2.7242624 2.6504980 3.5952436 3.2509879 3.3188060 3.5800482 2.8422813 2.6211623 3.4252340 3.4354129 3.2939392 2.9192185 3.0574421 2.1476952 2.2544771 2.3840866 3.3760494 3.2443973 3.0723302 3.2511634 2.8537424 2.5373327 2.9251975 2.5917392 3.0154239 3.4523933 2.6468097 2.5910460 2.7553801 2.7200336 2.6719409 2.6782545 2.3048043 2.0621826 2.4578852 2.0402927 1.7147657 2.0274885 
Homo_sapien_CAXIII                       1.4317000 1.8240346 1.3914418 1.4660760 1.7059928 1.5431401 1.4099815 1.4780500 1.8634988 1.9612884 1.9422121 2.1015960 2.2033016 2.2733046 2.1563323 0.9937511 0.7902581 0.6933135 0.8509654 0.0000000 1.2234595 1.1158820 2.0051081 2.1645105 2.2169116 2.0588173 2.0503671 2.2115424 2.1842204 1.9834810 2.3370109 1.8756999 1.9314372 2.0344764 2.0678544 1.7843842 1.9943476 1.9038970 1.9238623 2.0254082 2.2899422 2.2613730 1.7397362 1.9086836 1.7613507 1.9016163 1.9684808 2.2631304 2.6430498 2.1013949 2.2718496 2.6030075 1.8284302 1.8556591 1.9103593 2.6762695 2.7835821 2.8765744 2.6216632 1.9549450 1.9870255 2.2810829 2.0584290 1.8751873 1.9198342 2.5376925 2.2503160 2.2514017 3.0869807 2.5062233 2.6657056 3.6817020 3.2761922 2.8330496 3.0326086 2.3254510 2.2936728 2.7164196 3.3998573 3.5916489 2.5877992 2.6961933 1.7561254 1.9751979 2.0294661 3.2518436 3.0511971 2.9489946 3.0115526 2.9926160 2.7730445 2.7036229 2.5340326 2.5780541 3.0978012 2.7431915 2.3415870 2.6892947 2.5554930 2.5585464 2.5544801 2.2683177 2.1433467 2.2818879 2.0796333 1.3177777 2.0459040 
Homo_sapien_CAVa                         1.6799889 1.9708798 1.6499481 1.7906175 1.7110382 1.7792233 1.6182106 1.7517136 2.0142163 2.2407813 1.9932601 2.0431864 2.2056607 2.1045037 2.2032352 1.1242354 1.1334103 1.2067622 1.4268043 1.2234595 0.0000000 0.5518493 2.0312668 2.3366990 2.4066301 2.1068266 2.0779088 2.1136406 2.0657977 2.1884365 2.3147588 2.4307605 2.2208371 2.2338575 2.3502420 2.1310505 2.2885525 2.2407999 2.0722372 2.1267480 2.3589537 2.4172615 2.1173211 2.3291104 2.0076571 2.3421007 2.2627967 2.4672146 2.8857767 2.1341906 2.5010608 2.6003840 2.3364841 2.1650271 2.0443113 3.1617628 2.7597008 2.8940878 2.8108613 2.5051281 2.4707877 2.4775511 2.5032759 2.2178882 2.3016711 2.9296370 2.4244997 2.4115747 3.4705909 2.9410192 3.2682416 3.3945696 3.4211487 3.2724989 3.3354126 2.7913296 2.5054888 3.1187436 3.3877846 3.5935255 2.6497122 2.5514314 2.1152176 2.2777420 2.4133277 3.4397017 3.3515469 3.0214133 3.2319729 2.9633741 2.7837000 2.7988599 2.7259235 3.1408346 3.2366041 2.7282758 2.3840996 2.6637779 3.1292068 2.7935482 2.7446340 2.2290724 2.2673023 2.6391947 2.2859873 1.4551674 2.0930283 
Homo_sapien_CAVb                         1.4007915 1.9063632 1.6421489 1.7343907 1.7513913 1.9269643 1.7034678 1.8832695 2.0617247 2.2226069 2.1940159 2.2065871 2.4544928 2.3974559 2.5424515 1.0425548 1.0128874 1.1667607 1.4027797 1.1158820 0.5518493 0.0000000 2.3160697 2.2705129 2.3512618 2.2543283 2.2511427 2.4252541 2.3129625 2.1093684 2.2930977 2.3091940 2.5433714 2.6796798 2.4644405 2.1715775 2.3054287 2.3041602 2.3447137 2.2452466 2.1886978 2.6388728 2.2265699 2.3745346 2.0307089 2.5451239 2.4106733 2.5384836 2.8346422 2.5247195 2.5434853 2.4776638 2.2927001 2.1339441 2.2027028 3.1064553 3.0048750 3.0610020 3.1572328 2.2171474 2.1183378 2.1531294 2.3018909 2.3082162 2.4361268 2.8280892 2.4193456 2.3159605 3.4783801 2.6462632 3.3595688 3.3728248 3.1893022 3.3453574 3.1619700 2.7567779 2.6058112 2.9236026 3.8583328 4.0964259 2.7084501 2.7430539 2.0584888 2.2032201 2.2920580 3.6367939 3.4832017 2.8284877 3.5572169 3.5099672 3.0903731 3.1929307 2.8845941 3.0321791 3.1713945 2.8060480 2.5850889 2.8662820 3.0259278 2.9947782 2.6830758 2.1608751 2.3121153 2.4362521 2.2277237 1.3667162 2.1689234 
Hydra_magnipapillata_CA1                 2.0657088 2.6091339 2.2502451 2.4734682 2.0971217 1.8071248 2.3915261 2.1929809 2.6520399 2.5951591 2.5745469 2.5960140 2.6761219 2.5579632 2.6333095 1.9524581 2.1302266 2.1435153 2.2548019 2.0051081 2.0312668 2.3160697 0.0000000 1.0735425 0.9954417 0.9405031 0.8872746 0.8545157 0.8783419 2.9104983 2.8600871 2.5802946 2.6660166 2.7356543 3.1104417 2.7985886 2.9293465 2.8525104 2.9860204 2.6992606 3.1147558 3.2217172 2.4503353 2.2825969 2.5944156 2.2945840 2.6661683 2.6523453 2.5453757 2.2041702 2.4670345 2.8862688 2.6227259 2.5818056 2.0880820 2.9537299 3.1000979 3.3706099 3.0742489 3.2405097 3.0509081 3.0787999 3.0041173 2.6243279 2.5590947 3.0885489 2.9874298 2.8811672 3.2194699 3.8159303 3.4313852 3.9480814 3.0741114 3.3535318 4.4761852 3.3164844 3.0198192 3.8749868 4.0341723 4.2513541 3.0243724 3.0533702 2.4815333 2.7861493 3.1202826 3.5940685 3.2720760 3.3893351 3.4375160 3.7774026 3.1920127 3.9515758 3.2913570 3.9575709 3.1191021 3.3062484 2.5643591 2.6560225 2.9680669 2.8745613 3.4941127 3.3583049 2.9002196 3.0532634 2.6783903 1.9755960 2.5933419 
Hydra_magnipapillata_CA6                 2.3057812 2.8525501 2.7095061 3.0251502 2.2995424 2.2026379 2.5304231 2.5306243 3.0327250 2.9480868 2.5352371 2.5105156 2.6878427 2.8078146 2.8953163 2.2185421 2.1872803 2.2590107 2.4502708 2.1645105 2.3366990 2.2705129 1.0735425 0.0000000 0.4128101 1.1398637 1.1395078 1.0832199 1.0803651 3.1549526 3.0227724 2.8292220 2.9763742 3.2208329 3.2171384 2.8139517 3.1583479 3.0359430 3.3954745 2.9108328 3.0305084 3.4762738 2.8397890 2.5495567 3.0979935 2.5147689 2.7906919 3.1468823 2.6073275 2.8562926 2.8811500 2.9791519 2.8052993 2.8498319 2.5643707 3.3788359 3.6313811 3.8581800 3.4646289 3.3298186 3.4067871 3.7001382 3.3460890 2.9186688 2.9448226 4.1247099 3.4571087 3.2668038 4.2145724 3.9203074 3.6967578 4.3492865 3.6904533 3.4938614 4.0496906 3.5534397 3.2146487 3.2449285 4.9678411 4.9416620 3.2289915 3.3300128 2.4933335 3.0077855 2.9863675 3.7275692 3.3958819 2.7528372 3.3469936 3.5361487 3.1858413 3.4683380 3.4585327 3.7487138 3.4323290 3.9594710 2.9477421 2.8662150 2.6040960 2.8696878 3.6120792 3.2735469 2.9084929 3.4727842 3.0854798 2.0631347 2.6538455 
Hydra_magnipapillata_CA7                 2.5435996 2.7689428 2.6932217 3.0241856 2.2190863 2.2542143 2.5758568 2.5387695 2.9725940 3.0566992 2.9153776 2.6601655 2.8022796 2.8679661 2.9288082 2.1887044 2.5514228 2.4916145 2.4790163 2.2169116 2.4066301 2.3512618 0.9954417 0.4128101 0.0000000 0.9574898 0.9217653 0.9765199 0.9487585 3.7745023 3.4259129 3.0066624 2.7984493 3.2586639 3.3053488 3.0558733 3.1010718 2.9347460 3.7091436 2.9563240 3.0640400 3.4626417 3.0211304 2.9758322 3.1360294 2.5883057 3.0897057 3.0367552 2.9131808 2.6451845 2.8489310 3.2323123 2.8982920 2.7956161 2.5775173 3.6776828 3.6601779 4.1277474 3.7136027 3.1941472 3.3241056 3.3734159 3.1908009 2.7449348 2.6168258 3.8343601 3.6878184 3.2442652 4.0999573 3.9539211 3.5305714 4.4937345 3.5523569 3.6163296 4.4915976 3.6070571 3.3872573 3.5830246 4.5581029 5.1562966 2.9610156 3.0090518 2.6539250 2.9649403 3.0403429 3.8389116 3.4860698 2.8654150 3.3334558 3.8552868 3.4104652 3.6622478 3.6002818 3.9237610 3.4257566 3.7433547 2.8558667 2.8814334 2.9545033 3.1209001 3.6324812 3.3007838 3.3436513 3.4010815 3.1118640 2.2271588 2.6121461 
Hydra_magnipapillata_CA2                 2.2631016 2.6248307 2.6382769 2.9107003 2.5988988 2.0760429 2.4687053 2.4770850 2.8211131 2.6787778 2.6343834 2.5280533 2.5368711 2.5811144 2.5634126 2.0166865 1.9457109 2.0191332 2.2396194 2.0588173 2.1068266 2.2543283 0.9405031 1.1398637 0.9574898 0.0000000 0.0372850 0.3710693 0.4214779 2.6192909 2.7230664 2.4263048 2.4160423 2.7309909 2.8670583 2.6881560 2.6320094 2.6263050 2.6958019 2.4893894 2.6234693 2.5761440 2.3867215 2.5341681 2.2955948 2.4525173 2.4490285 2.7269271 2.6040505 2.2249613 2.6358127 2.8320463 2.7684122 2.5067234 2.2626187 3.1904475 3.5349858 3.9902168 3.5781499 3.0237349 3.1308352 2.7833621 3.1539696 2.5388443 2.7062699 3.5329005 3.1910555 3.1083847 4.4174811 3.4044097 2.9805283 3.4073311 2.8731706 3.7633198 4.1946920 3.5246390 2.8100280 3.1202298 4.0224086 4.5037932 2.9762713 3.2462172 2.4897955 3.0581713 2.7586673 3.9801085 3.4245761 3.4329465 3.3610700 3.3717831 3.2374437 3.2090851 3.0005115 3.4468023 3.5804340 3.2712568 2.8142208 2.9894743 2.5509135 2.7356426 3.3636095 2.8943981 2.9053453 3.6543350 2.5255317 2.0387823 2.3385886 
Hydra_magnipapillata_CA3                 2.2729048 2.6934372 2.6222824 2.8338669 2.5839578 2.0502620 2.4032817 2.4119685 2.7941814 2.7087965 2.6286123 2.4806214 2.5354852 2.5421190 2.5234841 1.9784672 1.9353801 1.9802482 2.2407778 2.0503671 2.0779088 2.2511427 0.8872746 1.1395078 0.9217653 0.0372850 0.0000000 0.3433328 0.4005136 2.6763069 2.8569463 2.5619917 2.5622056 2.7991769 2.9655292 2.8116465 2.7402488 2.7401836 2.8167276 2.5315361 2.7297694 2.6446756 2.5108799 2.6058339 2.4095041 2.4873602 2.5851464 2.7855650 2.6726459 2.1843646 2.6208095 2.9488164 2.8042454 2.4597724 2.2411507 3.1850979 3.4668716 3.9885943 3.5097139 2.9454475 3.1171678 2.7725327 3.0384854 2.4347183 2.6968519 3.4704648 3.2268386 3.0634945 4.2667972 3.3608523 3.0029417 3.4696823 2.9234753 3.6881973 4.1145293 3.5108487 2.8361708 3.1881025 4.0832979 4.4557019 3.1272389 3.4299794 2.4132853 3.0764411 2.7772000 3.8940588 3.4223810 3.3525073 3.4644757 3.1609446 3.1211618 3.0731847 2.9495655 3.4387905 3.4808742 3.2253152 2.7553886 3.0145110 2.5604634 2.7045302 3.4683576 3.0863486 2.8693054 3.5923744 2.5739252 2.0110409 2.3945453 
Hydra_magnipapillata_CA4                 2.2361464 3.0726261 2.5710080 2.9255279 2.3197759 2.0832847 2.4067302 2.3885862 2.9490404 2.8384104 2.5925848 2.8780686 2.9351487 2.7984264 3.0413055 2.1047211 2.1909958 2.0583373 2.4491531 2.2115424 2.1136406 2.4252541 0.8545157 1.0832199 0.9765199 0.3710693 0.3433328 0.0000000 0.2148098 2.6821301 2.8619795 2.4100070 2.5661092 2.5808624 3.0831426 2.8509669 2.9218701 2.8721908 2.7588062 2.7777957 2.9451265 2.8022628 2.5655904 2.6417403 2.4512036 2.4370101 2.6164682 2.9301987 2.9058384 2.3717551 2.6244231 3.1060546 2.9660109 2.5708639 2.3617823 3.3530066 3.4940508 3.8947285 3.7468448 3.2869183 3.5690455 3.2691589 3.3383529 2.9073557 2.9913535 3.8508732 3.3719166 3.1797519 4.4869050 3.7190391 3.7498686 4.1522493 2.8139635 3.6358948 4.3132468 4.0781429 3.1855055 3.6623787 4.1392737 4.3123400 3.3864685 3.6462002 2.6436284 3.0608748 3.1805747 4.0995017 3.5755569 3.1336422 3.4781637 3.8123420 3.3548188 3.5178998 3.3727098 3.5274317 3.8490606 3.4361820 2.9945113 3.0441914 2.5608032 2.7654375 3.8314254 3.3969484 2.9438079 3.5739342 2.4879815 2.0494411 2.6339369 
Hydra_magnipapillata_CA5                 2.2032299 2.9504577 2.3514925 2.6474501 2.2982496 2.1791991 2.3686280 2.3460217 2.7019119 2.6428615 2.4658577 2.5951047 2.7109691 2.6574915 2.8283796 1.9853662 2.1144096 2.0144033 2.3251044 2.1842204 2.0657977 2.3129625 0.8783419 1.0803651 0.9487585 0.4214779 0.4005136 0.2148098 0.0000000 2.6705855 2.7657348 2.5489832 2.5336255 2.5845429 2.9712722 2.7769016 2.8769714 2.8220084 2.7768757 2.6480143 2.7651610 2.7219168 2.4794686 2.6462784 2.5271081 2.4476171 2.6651236 2.9803727 2.7422715 2.3649861 2.6586836 2.9443583 2.9524072 2.5003331 2.1723136 3.1568273 3.3243998 3.9564714 3.5314491 3.1765114 3.4284938 2.9852060 3.1125472 2.7951645 2.9004535 3.8983150 3.2799055 3.2011150 4.3621085 3.3926063 3.6529026 4.1881666 2.9245773 3.4454507 4.0648756 3.8582994 2.9978273 3.3160328 3.8591602 3.8383347 3.1360960 3.4250103 2.3864294 3.0927632 3.1349822 4.0821394 3.7478559 3.3121904 3.3065729 3.9785960 3.5183564 3.6969796 3.5508820 3.3184357 3.9979445 3.5635108 2.8753977 2.9491198 2.8539650 2.7736056 3.4104253 3.1651224 2.7011870 3.3647609 2.5168907 1.9346022 2.5678806 
Aiptasia_pallida_CA3                     1.8629940 2.2957823 1.6120532 1.7162883 2.4700951 2.0186128 2.0847990 2.2937226 2.5157325 2.6304312 2.7029446 2.5551448 2.7679229 2.5668674 2.6026796 1.9108139 1.7668806 1.9146092 2.0428709 1.9834810 2.1884365 2.1093684 2.9104983 3.1549526 3.7745023 2.6192909 2.6763069 2.6821301 2.6705855 0.0000000 1.1528250 1.4758176 1.4709665 1.8702035 1.4351420 1.4984756 1.2846464 1.4316496 1.4708345 1.6428459 1.5738691 1.8332070 1.3738816 1.6586774 1.6031149 2.0304541 1.9413988 2.1876076 2.3821997 2.0972936 1.8732393 2.2610172 1.8848493 2.0095565 1.9921022 2.4562913 2.3986478 2.6519253 2.6208414 2.0995184 2.0259307 2.0719284 2.4208936 2.0000081 2.2240141 2.7773000 2.8314088 2.8637333 2.5840725 2.7331501 3.1447350 3.4154813 2.5651359 2.8505355 3.5990820 2.6968410 2.4342459 3.5878830 3.2361494 3.6334246 2.7118813 2.3639594 2.2711279 2.3132791 2.2166221 2.6855215 2.5705695 2.3482503 2.6268906 2.4462267 2.2015551 2.4551993 2.2280560 2.2887223 2.8467846 2.4062796 2.4421393 2.8285877 2.6916534 2.7312382 2.4474898 2.0663853 2.3093924 2.2171722 1.1217110 1.7749963 0.9012328 
Aiptasia_pallida_CA4                     2.0708709 2.5890552 1.8727744 2.0942799 2.7531823 2.2377967 2.5371710 2.5504733 2.6220209 2.5994253 2.9560210 2.4265333 2.5810966 2.3701119 2.4226553 2.2097122 2.0003353 2.1426792 2.2152309 2.3370109 2.3147588 2.2930977 2.8600871 3.0227724 3.4259129 2.7230664 2.8569463 2.8619795 2.7657348 1.1528250 0.0000000 1.3729747 1.5613082 2.0399515 1.4867054 1.3735746 1.3896921 1.4885453 1.5823329 1.8145477 1.4354812 1.5596561 1.7872964 1.7630485 1.6867299 2.2352480 2.3594373 2.6512983 2.5546126 2.5483709 2.2098596 2.3844196 2.1055085 2.2224876 1.8986435 2.7695724 2.5561606 2.6221441 2.8013950 2.7085200 2.9031933 2.8504063 2.7599819 2.5154598 2.7659794 3.1910541 2.9639859 3.0286615 3.1372006 3.3026944 3.1913255 3.4405122 3.1865976 3.4862500 4.1597150 3.0898125 2.5314106 3.6346640 3.8476636 4.0033063 2.9248604 2.6688505 2.4711886 2.6004032 2.5505628 2.7829238 2.5039164 2.6500995 2.3939480 3.0447310 2.5677224 2.9670305 2.6756632 2.6270156 3.2845239 2.6528629 2.4391325 3.0721217 2.5804159 2.6350332 3.1775282 2.9053946 3.4359166 3.2707262 1.0030487 2.1724762 1.0262698 
Nemostella_vectensis_CA1                 1.9070788 2.5527302 1.7973784 1.8735646 2.2360958 2.0951762 2.0199239 2.0937937 2.5747941 2.6287172 2.4729134 2.6107658 2.6523247 2.3947048 2.5484478 2.1271333 1.8542372 1.8405331 2.2585046 1.8756999 2.4307605 2.3091940 2.5802946 2.8292220 3.0066624 2.4263048 2.5619917 2.4100070 2.5489832 1.4758176 1.3729747 0.0000000 0.7843446 1.5526151 1.6766950 1.4557327 1.6928180 1.6218841 1.7237380 1.7842589 1.8264809 1.9325236 1.4412555 1.5467610 1.6440476 1.6541689 1.7504155 2.4224872 2.3635330 2.2237927 2.0909714 2.3101160 1.7201327 1.9003350 2.1115445 2.3480526 2.7026894 2.8452099 2.6040073 2.1804685 2.1343117 2.4595422 2.1891873 1.8874528 2.0766299 2.5986408 2.4131834 2.6052243 2.7125614 2.4962530 3.1659167 3.5749099 3.1345883 3.1880988 4.0480868 2.6060391 2.6692112 3.4799497 3.7737701 4.0018870 2.9579354 2.5417915 2.0867130 2.2859233 2.3699461 3.0153567 2.7531874 2.2727917 2.5285497 3.1150546 2.5822815 2.5089671 2.4600552 2.7737259 2.7997915 2.5231587 2.4251549 2.9666170 2.4045993 2.8833248 2.8654117 2.3056459 2.6072512 2.2440868 1.4402231 1.6503161 1.1203544 
Nemostella_vectensis_CA3                 1.9529922 2.3949123 1.7700517 1.8362092 2.0069516 2.1556015 1.9922175 2.0130107 2.5040876 2.6088016 2.6187770 2.6728033 2.9287673 2.4282317 2.8260931 1.9398322 1.7863832 1.9245161 2.2178255 1.9314372 2.2208371 2.5433714 2.6660166 2.9763742 2.7984493 2.4160423 2.5622056 2.5661092 2.5336255 1.4709665 1.5613082 0.7843446 0.0000000 1.4052359 1.5487532 1.5377324 1.5371822 1.5498228 1.6220793 1.8750025 1.7849588 1.7709345 1.3877487 1.7551146 1.5607378 1.8987618 1.9230571 2.4263683 2.0972254 2.2053132 2.1480854 2.2462711 1.9215973 1.9280539 1.9994575 2.2930626 2.7967974 2.8933076 2.7734802 1.9878407 1.8557936 2.2390900 1.9977034 1.8194141 1.8941800 2.4896037 2.1901861 2.9550483 2.5652603 2.4744406 3.2852601 3.2779467 3.0174211 2.5452752 3.3090324 2.6217505 2.5316968 3.1354364 3.9574433 3.5668255 2.9862976 2.3830401 1.9532630 2.1551437 2.3326124 3.1734013 2.5408361 2.0861887 2.3523367 3.0731966 2.6189981 2.3054553 2.2870165 2.5193187 2.8529148 2.4650863 2.4211085 3.0931273 2.4400910 2.6697420 2.9300006 2.3882086 2.5773430 2.1332966 1.3882357 1.7100393 1.1691826 
Stylophora_pistillata_CA6                2.2928567 2.9039987 2.1317625 2.1434595 2.4056936 2.3512860 2.1771628 2.3571393 2.8596328 2.8535785 2.6242658 2.8554515 3.1353855 3.3776606 3.3132690 2.1454716 2.1376246 2.1149600 2.3681478 2.0344764 2.2338575 2.6796798 2.7356543 3.2208329 3.2586639 2.7309909 2.7991769 2.5808624 2.5845429 1.8702035 2.0399515 1.5526151 1.4052359 0.0000000 1.4435041 1.4687543 1.2668880 1.3789241 1.1963375 1.3501353 1.5331221 1.4471598 1.5950398 1.8597448 1.5783102 1.9728057 1.9955479 2.4877259 2.6326025 2.3500833 2.1801350 2.6611488 2.3281453 2.1443510 2.0911170 2.7556809 3.0089663 3.1898539 2.9113462 2.5943139 2.3744632 2.8998162 2.5815223 2.5415101 2.5749337 2.8906404 2.8837367 3.2877474 3.2851673 3.3924316 3.1307089 4.0696290 3.5511488 3.4901237 4.3333893 3.5929261 2.8891720 3.3645573 4.2207050 4.2208123 3.2888313 2.7026137 2.4538607 2.4774410 3.3098467 3.9185667 2.8430754 2.9130429 2.9708641 3.7472844 2.9327059 3.0661116 2.8161261 3.5397892 3.5778993 3.4117104 2.3940955 2.5928122 3.1568816 2.8768418 3.2235831 2.8194789 2.5922394 2.8662719 1.9775555 2.0568609 1.6644005 
Acropora_millepora_CA4                   2.2384434 2.5195617 2.0723026 2.0593880 2.1848121 2.1970334 1.9632070 2.1720192 2.6432737 2.7040420 2.6577588 2.8470296 3.0686382 3.0835148 2.9205815 2.1119661 2.1656290 2.0716821 2.1202455 2.0678544 2.3502420 2.4644405 3.1104417 3.2171384 3.3053488 2.8670583 2.9655292 3.0831426 2.9712722 1.4351420 1.4867054 1.6766950 1.5487532 1.4435041 0.0000000 0.2838349 0.3079771 0.3788222 1.1929081 1.5153158 1.0778634 1.3861469 1.5164822 1.6697005 1.6709704 1.8793423 1.9988247 2.2043243 2.2247899 2.2081717 2.4095525 2.5984182 2.2002089 1.8115492 1.9392685 2.9144367 2.9713735 3.1370881 3.0865139 2.7920957 2.5995658 2.8503795 2.7097977 2.4900640 2.6972964 3.0910711 2.9290909 3.1274917 2.9208765 3.3217513 3.0721389 3.8042085 3.2681230 2.9278403 3.6126247 3.0029804 2.8786521 4.1879372 3.8387844 4.5257094 3.6399416 2.8055373 2.2627380 2.4892327 2.6575291 3.0539038 2.8900211 2.7666652 3.0067864 3.2812253 2.4439852 2.9886982 2.4831893 3.0718498 3.1074233 2.8049575 2.7150963 3.0130432 2.9050372 2.8452548 3.0290217 2.6858611 2.7777174 2.8338729 1.6723261 2.1640247 1.2060555 
